

Init Sequenz

Q: 00 00 00 00 00 00 00 00 01 40 01 00 00 3e
A: 00 02 00 00 00 06 5d 00 01 00 02 00 04 01 01 00 7f 13
Q: 00 00 00 00 00 00 00 00 02 40 01 00 00 3d
A: 00 02 00 00 00 06 5d 00 02 00 02 00 04 01 01 00 7f 12
Q: 00 00 00 00 00 00 00 00 03 40 01 00 00 3c
A: 00 02 00 00 00 06 5d 00 03 00 02 00 04 01 01 00 7f 11
Q: 00 00 00 00 00 00 00 00 04 40 01 00 00 3b


Portwechsel

OP = 29

2900_1[37] f0, 00, 01, 73, 7e, 00, 02, 00, 00, 00, 06, 5d, 00, 01, 40, 29, 00, 11, 01, 00, 01, 01, 00, 04, 00, 00, 00, 04, 00, 00, 00, 0c, 0f, 0f, 0f, 5c, f7 
2904_1[37] f0, 00, 01, 73, 7e, 00, 02, 00, 00, 00, 06, 5d, 00, 01, 40, 29, 00, 11, 01, 00, 01, 00, 00, 04, 00, 00, 00, 04, 00, 00, 00, 0c, 0f, 0f, 0f, 5d, f7                    
2908_1[37] f0, 00, 01, 73, 7e, 00, 02, 00, 00, 00, 06, 5d, 00, 01, 40, 29, 00, 11, 01, 00, 01, 02, 00, 04, 00, 00, 00, 04, 00, 00, 00, 0c, 0f, 0f, 0f, 5b, f7
2912_1[37] f0, 00, 01, 73, 7e, 00, 02, 00, 00, 00, 06, 5d, 00, 01, 40, 29, 00, 11, 01, 00, 01, 00, 00, 04, 00, 00, 00, 04, 00, 00, 00, 0c, 0f, 0f, 0f, 5d, f7                    
           f0, 00, 01, 73, 7e, 00, 02, 00, 00, 00, 06, 5d, 00, 01, 40, 29, 00, 11, 01, 00, 01, 00, 00, 04, 00, 00, 00, 04, 00, 00, 00, 0c, 0f, 0f, 0f, 5d, f7
           f0, 00, 01, 73, 7e, 00, 02, 00, 00, 00, 06, 5d, 00, 01, 40, 29, 00, 11, 01, 00, 01, 04 ,00, 04, 00 ,00 ,00 ,04, 00, 00, 00, 0c, 0f, 0f, 0f, 59, f7
           f0, 00, 01, 73, 7e, 00, 02, 00, 00, 00, 06, 5d, 00, 01, 40, 29, 00, 11, 01, 00, 02, 0c, 0f, 0b, 00, 00, 00, 08, 00, 00, 00, 0c, 0f, 0f, 0f, 36, f7
           f0, 00, 01, 73, 7e, 00, 02, 00, 00, 00, 06, 5d, 00, 01, 40, 29, 00, 11, 01, 00, 02, 0d, 0f, 0b, 00, 00, 00, 08, 00, 00, 00, 0c, 0f, 0f, 0f, 35, f7
           f0, 00, 01, 73, 7e, 00, 02, 00, 00, 00, 06, 5d, 00, 01, 40, 29, 00, 11, 01, 00, 03, 01, 00, 00, 01, 00, 00, 00, 01, 00, 00, 0c, 0f, 0f, 0f, 60, f7
           f0, 00, 01, 73, 7e, 00, 02, 00, 00, 00, 06, 5d, 00, 01, 40, 29, 00, 11, 01, 00, 0a, 0f, 0f, 03, 00, 08, 00, 00, 00, 08, 00, 0c, 0f, 0f ,0f ,2b, f7     10-10 ein   
           f0, 00, 01, 73, 7e, 00, 02, 00, 00, 00, 06, 5d, 00, 01, 40, 29, 00, 11, 01, 00, 0a, 0f, 0f, 01, 00, 08, 00, 00, 00, 08, 00, 0c, 0f, 0f, 0f, 2d, f7     10-10 aus   
           f0, 00, 01, 73, 7e, 00, 02, 00, 00, 00, 06, 5d, 00, 01, 40, 29, 00, 11, 01, 00, 0a, 0f, 0f, 05, 00, 08, 00, 00, 00, 08, 00, 0c, 0f, 0f, 0f, 29, f7
           f0, 00, 01, 73, 7e, 00, 02, 00, 00, 00, 06, 5d, 00, 01, 40, 29, 00, 11, 01, 00, 0a, 00, 00, 00, 00, 00, 00, 00, 00, 00, 00, 00, 00, 00, 00, 15, f7     10 alle aus
           f0, 00, 01, 73, 7e, 00, 02, 00, 00, 00, 06, 5d, 00, 01, 40, 29, 00, 11, 01, 00, 0a, 00, 00, 04, 00, 00, 00, 00, 00, 00, 00, 00, 00, 00, 00, 11, f7     10 u1 1 an
           f0, 00, 01, 73, 7e, 00, 02, 00, 00, 00, 06, 5d, 00, 01, 40, 29, 00, 11, 01, 00, 0a, 00, 00, 0c, 00, 00, 00, 00, 00, 00, 00, 00, 00, 00, 00, 09, f7     10 u1 1 + 2 an             
           f0, 00, 01, 73, 7e, 00, 02, 00, 00, 00, 06, 5d, 00, 01, 40, 29, 00, 11, 01, 00, 0a, 00, 00, 0c, 01, 00, 00, 00, 00, 00, 00, 00, 00, 00, 00, 08, f7     10 u1 1 + 2 + 3 an
           f0, 00, 01, 73, 7e, 00, 02, 00, 00, 00, 06, 5d, 00, 01, 40, 29, 00, 11, 01, 00, 0a, 00, 00, 0c, 03, 00, 00, 00, 00, 00, 00, 00, 00, 00, 00, 06, f7     10 u1 1 + 2 + 3 + 4 an
           f0, 00, 01, 73, 7e, 00, 02, 00, 00, 00, 06, 5d, 00, 01, 40, 29, 00, 11, 01, 00, 0a, 00, 00, 0c, 07, 00, 00, 00, 00, 00, 00, 00, 00, 00, 00, 02, f7     10 u1 1 + 2 + 3 + 4 + 5 an
           f0, 00, 01, 73, 7e, 00, 02, 00, 00, 00, 06, 5d, 00, 01, 40, 29, 00, 11, 01, 00, 0a, 00, 00, 0c, 0f, 00, 00, 00, 00, 00, 00, 00, 00, 00, 00, 7a, f7     10 u1 1 + 2 + 3 + 4 + 5 + 6 an
           f0, 00, 01, 73, 7e, 00, 02, 00, 00, 00, 06, 5d, 00, 01, 40, 29, 00, 11, 01, 00, 0a, 00, 00, 0c, 0f, 01, 00, 00, 00, 00, 00, 00, 00, 00, 00, 79, f7     10 u1 1 + 2 + 3 + 4 + 5 + 6 + 7 an

Unterschiede: 
00
04 00 00 00 00 0100 0000 0000 0000 0000
0c 00 00 00 00 1100 0000 0000 0000 0000
0c 01 00 00 00 1100 0001 0000 0000 0000
0c 03 00 00 00 1100 0011 0000 0000 0000 
0c 07 00 00 00 1100 0111 0000 0000 0000
0c 0f 00 00 00 1100 1111 0000 0000 0000
0c 0f 01 00 00 1100 1111 0001 0000 0000
0c 0f 03 00 00 1100 1111 0011 0000 0000
0c 0f 07 00 00 1100 1111 0111 0000 0000
0c 0f 0f 00 00 1100 1111 1111 0000 0000
0c 0f 0f 01 00 1100 1111 1111 0001 0000 
0c 0f 0f 03 00 1100 1111 1111 0011 0000
0c 0f 0f 07 00 1100 1111 1111 0111 0000
0c 0f 0f 0f 00 1100 1111 1111 1111 0000
0c 0f 0f 0f 01 1100 1111 1111 1111 0001
0c 0f 0f 0f 03 1100 1111 1111 1111 0011



DIN1 - DIN1 ein
DIN1 - DIN1 aus
DIN1 - DIN2 ein
DIN1 - DIN2 aus
DIN1 - DIN3 ein
DIN1 - DIN3 aus
DIN2 - DIN1 ein
DIN2 - DIN1 aus
DIN3 - DIN1 ein
DIN3 - DIN1 ein
DIN10 - DIN10 ein
DIN10 - DIN10 aus
DIN10 - DIN10 ?
DIN10 - DIN10 alles aus

SE  = Start Sysex
MF  = Manufacturer
DI  = Device Id?
MPs = Midi Port source
MPc = Midi Port connect
cs = checksum

SE |MF         |ID |                                        OP                 MPs|MPc      |    connected ports                          | cs| eof
f0, 00, 01, 73, 7e, 00, 02, 00, 00, 00, 06, 5d, 00, 01, 40, 29, 00, 11, 01, 00, 01, 00, 00, 04, 00, 00, 00, 04, 00, 00, 00, 0c, 0f, 0f, 0f, 5d, f7
f0, 00, 01, 73, 7e, 00, 02, 00, 00, 00, 06, 5d, 00 ,01, 40, 29, 00, 11, 01, 00, 01, 04 ,00, 04, 00 ,00 ,00 ,04, 00, 00, 00, 0c, 0f, 0f, 0f, 59, f7
f0, 00, 01, 73, 7e, 00, 02, 00, 00, 00, 06, 5d, 00, 01, 40, 29, 00, 11, 01, 00, 02, 0d, 0f, 0b, 00, 00, 00, 08, 00, 00, 00, 0c, 0f, 0f, 0f, 35, f7
f0, 00, 01, 73, 7e, 00, 02, 00, 00, 00, 06, 5d, 00, 01, 40, 29, 00, 11, 01, 00, 02, 0c, 0f, 0b, 00, 00, 00, 08, 00, 00, 00, 0c, 0f, 0f, 0f, 36, f7
f0, 00, 01, 73, 7e, 00, 02, 00, 00, 00, 06, 5d, 00, 01, 40, 29, 00, 11, 01, 00, 03, 01, 00, 00, 01, 00, 00, 00, 01, 00, 00, 0c, 0f, 0f, 0f, 60, f7
f0, 00, 01, 73, 7e, 00, 02, 00, 00, 00, 06, 5d, 00, 01, 40, 29, 00, 11, 01, 00, 0a, 0f, 0f, 03, 00, 08, 00, 00, 00, 08, 00, 0c, 0f, 0f ,0f ,2b ,f7
f0, 00, 01, 73, 7e, 00, 02, 00, 00, 00, 06, 5d, 00, 01, 40, 29, 00, 11, 01, 00, 0a, 0f, 0f, 01, 00, 08, 00, 00, 00, 08, 00, 0c, 0f, 0f, 0f, 2d, f7
f0, 00, 01, 73, 7e, 00, 02, 00, 00, 00, 06, 5d, 00, 01, 40, 29, 00, 11, 01, 00, 0a, 0f, 0f, 05, 00, 08, 00, 00, 00, 08, 00, 0c, 0f, 0f, 0f, 29, f7
f0, 00, 01, 73, 7e, 00, 02, 00, 00, 00, 06, 5d, 00, 01, 40, 29, 00, 11, 01, 00, 0a, 00, 00, 00, 00, 00, 00, 00, 00, 00, 00, 00, 00, 00, 00, 15, f7
f0, 00, 01, 73, 7e, 00, 02, 00, 00, 00, 06, 5d, 00, 01, 40, 29, 00, 11, 01, 00, 0a, 00, 00, 04, 00, 00, 00, 00, 00, 00, 00, 00, 00, 00, 00, 11, f7
f0, 00, 01, 73, 7e, 00, 02, 00, 00, 00, 06, 5d, 00, 01, 40, 29, 00, 11, 01, 00, 0a, 00, 00, 0c, 00, 00, 00, 00, 00, 00, 00, 00, 00, 00, 00, 09, f7
f0, 00, 01, 73, 7e, 00, 02, 00, 00, 00, 06, 5d, 00, 01, 40, 29, 00, 11, 01, 00, 0a, 00, 00, 0c, 01, 00, 00, 00, 00, 00, 00, 00, 00, 00, 00, 08, f7
f0, 00, 01, 73, 7e, 00, 02, 00, 00, 00, 06, 5d, 00, 01, 40, 29, 00, 11, 01, 00, 0a, 00, 00, 0c, 03, 00, 00, 00, 00, 00, 00, 00, 00, 00, 00, 06, f7
f0, 00, 01, 73, 7e, 00, 02, 00, 00, 00, 06, 5d, 00, 01, 40, 29, 00, 11, 01, 00, 0a, 00, 00, 0c, 07, 00, 00, 00, 00, 00, 00, 00, 00, 00, 00, 02, f7
f0, 00, 01, 73, 7e, 00, 02, 00, 00, 00, 06, 5d, 00, 01, 40, 29, 00, 11, 01, 00, 0a, 00, 00, 0c, 0f, 00, 00, 00, 00, 00, 00, 00, 00, 00, 00, 7a, f7
f0, 00, 01, 73, 7e, 00, 02, 00, 00, 00, 06, 5d, 00, 01, 40, 29, 00, 11, 01, 00, 0a, 00, 00, 0c, 0f, 01, 00, 00, 00, 00, 00, 00, 00, 00, 00, 79, f7




00 02 00 00 00 06 5d 00 01 40 29 00 11 01 00 0b 00 00 00 00 00 00 00 00 00 00 00 00 00 00 14 //Erster Port USB Jack1
00 02 00 00 00 06 5d 00 01 40 29 00 11 01 00 0b 01 00 00 00 00 00 00 00 00 00 00 00 00 00 13
00 02 00 00 00 06 5d 00 01 40 29 00 11 01 00 0c 00 00 00 00 00 00 00 00 00 00 00 00 00 00 13
00 02 00 00 00 06 5d 00 01 40 29 00 11 01 00 0c 02 00 00 00 00 00 00 00 00 00 00 00 00 00 11
00 02 00 00 00 06 5d 00 01 40 29 00 11 01 00 0d 00 00 00 00 00 00 00 00 00 00 00 00 00 00 12
00 02 00 00 00 06 5d 00 01 40 29 00 11 01 00 0d 04 00 00 00 00 00 00 00 00 00 00 00 00 00 0e
00 02 00 00 00 06 5d 00 01 40 29 00 11 01 00 14 00 00 04 00 00 00 00 00 00 00 00 00 00 00 07
00 02 00 00 00 06 5d 00 01 40 29 00 11 01 00 14 00 00 0c 00 00 00 00 00 00 00 00 00 00 00 7f
00 02 00 00 00 06 5d 00 01 40 29 00 11 01 00 14 00 00 0c 0f 0f 0f 03 00 00 00 00 00 00 00 4f
00 02 00 00 00 06 5d 00 01 40 29 00 11 01 00 14 00 00 00 00 00 00 00 00 00 00 00 00 00 00 0b
00 02 00 00 00 06 5d 00 01 40 29 00 11 01 00 14 00 00 02 00 00 00 00 00 00 00 00 00 00 00 09

00 02 00 00 00 06 5d 00 01 40 29 00 11 01 00 1b 00 00 00 00 00 00 00 00 00 00 00 00 00 00 04 //Erster Port USB Jack 2

00 02 00 00 00 06 5d 00 01 40 29 00 11 01 00 2b 0e 0f 03 00 00 01 00 00 00 01 08 0f 0f 0f 1d //Erster Port USB Host 

00 02 00 00 00 06 5d 00 01 40 29 00 11 01 00 35 0e 0f 03 00 00 00 01 00 00 00 0d 0f 0f 00 1e //Erster Port ETH

// Seitenwechsell auf Routing


DR = Direction 40 ^ Host an Device, 00 ^ Device a  Host

Port Info anfragen

Host an Device
OP 20 = ?
                                    OP
  Q:  00 02 00 00 00 06 5d 00 01 40 20 00 00 3a

OP 21 = ?
                                    OP    BT PV    CP                   Port Anzahl?
  A:  00 02 00 00 00 06 5d 00 01 00 21 00 0f 01 00 38 00 0b 0a 02 01 01 10 0a 04 01 00 01 78

OP = 22 // Anfrage Portinfo

                                DR OP    BT    P
  1: 00 02 00 00 00 06 5d 00 01 40 22 00 02 00 01 35
  2: 00 02 00 00 00 06 5d 00 01 40 22 00 02 00 02 34
  X: 00 02 00 00 00 06 5d 00 01 40 22 00 02 00 0b 2b
  Y: 00 02 00 00 00 06 5d 00 01 40 22 00 02 00 15 21
  
Device an Host
OP = 23
TP = 01 ^ Physical Port, 02 ^ USB-Device, 03 ^ HUSB Host, 04 ^ Ethernet
LN = Local Number - > lfd Nummer in der Device-Klasse
BT = Anzahl Bytes
PV = Protocol Version
CP = Communication Port

                                DR OP    BT       P  TP LN             AC  D  I  N  _  1 CS
  1: 00 02 00 00 00 06 5d 00 01 00 23 00 0f 01 00 01 01 01 00 00 00 0f 03 44 49 4e 20 31 26
                                                                           k  2  0  0  0  7   
  2: 00 02 00 00 00 06 5d 00 01 00 23 00 10 01 00 02 01 02 00 00 00 0f 03 4b 32 30 30 30 37 0b

  4: 00 02 00 00 00 06 5d 00 01 00 23 00 0f 01 00 04 01 04 00 00 00 0f 03 44 49 4e 20 34 1d
                                   OP             P                    AC  D  I  N  _  1 
  X: 00 02 00 00 00 06 5d 00 01 00 23 00 0f 01 00 0b 02 01 01 00 00 0f 03 44 49 4e 20 31 1a
                                                  P                    AC  H  S  T  _  1
  Y: 00 02 00 00 00 06 5d 00 01 00 23 00 0f 01 00 15 02 01 0b 00 00 0f 03 48 53 54 20 31 72 
                                                                       AC  E  T  H  _  1  -  4
ETH: 00 02 00 00 00 06 5d 00 01 00 23 00 11 01 00 19 02 01 0f 00 00 0f 03 45 54 48 20 31 2d 34 15

   : 00 02 00 00 00 06 5d 00 01 00 23 00 0f 01 00 1b 02 02 01 00 00 0f 03 44 49 4e 20 31 09
                                                                           H  S  T  _  1 
   : 00 02 00 00 00 06 5d 00 01 00 23 00 0f 01 00 2b 03 01 01 00 00 0f 03 48 53 54 20 31 65
   
   : 00 02 00 00 00 06 5d 00 01 00 23 00 0f 01 00 35 04 01 01 00 00 0f 03 45 54 48 20 31 68

// Port Info Senden

AC = Port active: 1 ^ Input, 2 ^ Output
                                DR OP             P                    AC  P  3  0 CS
     00 02 00 00 00 06 5d 00 01 40 23 00 0d 01 00 02 01 02 00 00 00 0f 03 50 33 30 5f  // Port 2 -> P30
ACK: 00 02 00 00 00 06 5d 00 01 00 0f 00 03 40 23 00 25                   K   2  0  0  0  7 CS
     00 02 00 00 00 06 5d 00 01 40 23 00 10 01 00 02 01 02 00 00 00 0f 03 4b 32 30 30 30 37 4b
ACK: 00 02 00 00 00 06 5d 00 01 00 0f 00 03 40 23 00 25
     00 02 00 00 00 06 5d 00 01 40 23 00 0d 01 00 08 01 08 00 00 00 0f 01 50 33 30 55  // Port 8, Input an
     00 02 00 00 00 06 5d 00 01 40 23 00 0d 01 00 08 01 08 00 00 00 0f 00 50 33 30 56  // Port 8, nix an
     00 02 00 00 00 06 5d 00 01 40 23 00 0d 01 00 08 01 08 00 00 00 0f 02 50 33 30 54  // Port 8, Outpu an
